20
2
0
0000000000000000
0000000000000000
0011111111111100
0011000000000110
0011000000000110
0011000000000110
0011000000000110
0011000000000110
0011000000000110
0011000000000110
0011000000000110
0011000000000110
0011111111111100
0000000000000000
0000000000000000
0000000000000000
0
0000000000000000
0001111111111000
0011000000000110
0011000000000110
0011000000000110
0011000000000110
0011000000000110
0011000000000110
0011000000000110
0011000000000110
0011000000000110
0011000000000110
0011000000000110
0011000000000110
0001111111111000
0000000000000000
0
0000000000000000
0000111111110000
0001100000011000
0011000000000110
0011000000000110
0011000000000110
0011000000000110
0011000000000110
0011000000000110
0011000000000110
0011000000000110
0011000000000110
0001100000011000
0000111111110000
0000000000000000
0000000000000000
0
0000000000000000
0000011111100000
0000110000110000
0001100000011000
0011000000000110
0011000000000110
0011000000000110
0011000000000110
0011000000000110
0011000000000110
0011000000000110
0001100000011000
0000110000110000
0000011111100000
0000000000000000
0000000000000000
0
0000000000000000
0000001111000000
0000011001100000
0000110000110000
0001100000011000
0011000000000110
0011000000000110
0011000000000110
0011000000000110
0011000000000110
0001100000011000
0000110000110000
0000011001100000
0000001111000000
0000000000000000
0000000000000000
0
0000000000000000
0000000110000000
0000001111000000
0000011001100000
0000110000110000
0001100000011000
0011000000000110
0011000000000110
0011000000000110
0001100000011000
0000110000110000
0000011001100000
0000001111000000
0000000110000000
0000000000000000
0000000000000000
0
0000000000000000
0000000011000000
0000000111100000
0000001100110000
0000011000011000
0000110000000110
0001100000000110
0011000000000110
0001100000000110
0000110000000110
0000011000011000
0000001100110000
0000000111100000
0000000011000000
0000000000000000
0000000000000000
0
0000000000000000
0000000001100000
0000000011110000
0000000110011000
0000001100001100
0000011000000110
0000110000000011
0001100000000011
0000110000000011
0000011000000110
0000001100001100
0000000110011000
0000000011110000
0000000001100000
0000000000000000
0000000000000000
0
0000000000000000
0000000000110000
0000000001111000
0000000011001100
0000000110000110
0000001100000011
0000011000000011
0000110000000011
0000011000000011
0000001100000011
0000000110000110
0000000011001100
0000000001111000
0000000000110000
0000000000000000
0000000000000000
0
0000000000000000
0000000000011000
0000000000111100
0000000001100110
0000000011000011
0000000110000011
0000001100000011
0000011000000011
0000001100000011
0000000110000011
0000000011000011
0000000001100110
0000000000111100
0000000000011000
0000000000000000
0000000000000000
1
0000000110000000
0000000110000000
0000000110000000
0000000110000000
0000000110000000
0000000110000000
0000000110000000
0000000110000000
0000000110000000
0000000110000000
0000000110000000
0000000110000000
0000000110000000
0000000110000000
0000111111110000
0000111111110000
1
0000000000000000
0000000110000000
0000000110000000
0000000110000000
0000000110000000
0000000110000000
0000000110000000
0000000110000000
0000000110000000
0000000110000000
0000000110000000
0000000110000000
0000000110000000
0001111111111000
0001111111111000
0000000000000000
1
0000000000000000
0000000000000000
0000000110000000
0000000110000000
0000000110000000
0000000110000000
0000000110000000
0000000110000000
0000000110000000
0000000110000000
0000000110000000
0000000110000000
0001111111111000
0001111111111000
0000000000000000
0000000000000000
1
0000000000000000
0000000000000000
0000000000000000
0000000110000000
0000000110000000
0000000110000000
0000000110000000
0000000110000000
0000000110000000
0000000110000000
0000000110000000
0001111111111000
0001111111111000
0000000000000000
0000000000000000
0000000000000000
1
0000000000000000
0000000000000000
0000000000000000
0000000000000000
0000000110000000
0000000110000000
0000000110000000
0000000110000000
0000000110000000
0000000110000000
0001111111111000
0001111111111000
0000000000000000
0000000000000000
0000000000000000
0000000000000000
1
0000000000000000
0000000000000000
0000000000000000
0000000000000000
0000000000000000
0000000110000000
0000000110000000
0000000110000000
0000000110000000
0001111111111000
0001111111111000
0000000000000000
0000000000000000
0000000000000000
0000000000000000
0000000000000000
1
0000000000000000
0000000000000000
0000000000000000
0000000000000000
0000000000000000
0000000000000000
0000000110000000
0000000110000000
0001111111111000
0001111111111000
0000000000000000
0000000000000000
0000000000000000
0000000000000000
0000000000000000
0000000000000000
1
0000000000000000
0000000000000000
0000000000000000
0000000000000000
0000000000000000
0000000000000000
0000000000000000
0000000110000000
0001111111111000
0001111111111000
0000000000000000
0000000000000000
0000000000000000
0000000000000000
0000000000000000
0000000000000000
1
0000000000000000
0000000000000000
0000000000000000
0000000000000000
0000000000000000
0000000000000000
0000000000000000
0000000000000000
0001111111111000
0001111111111000
0000000000000000
0000000000000000
0000000000000000
0000000000000000
0000000000000000
0000000000000000
1
0000011111100000
0000011111100000
0000000110000000
0000000110000000
0000000110000000
0000000110000000
0000000110000000
0000000110000000
0000000110000000
0000000110000000
0000000110000000
0000000110000000
0000000110000000
0000000110000000
0000000110000000
0000000110000000