80 5 4
0.55 0.95 0.94 0.0 0.0 0
0.69 0.2833333333333333 0.68 0.0 0.5 0
0.3775 0.2833333333333333 0.08 1.0 0.0 2
0.2775 0.55 0.36 1.0 0.5 1
0.675 0.7166666666666667 0.14 1.0 0.0 0
0.0525 0.9833333333333333 0.7 1.0 1.0 3
0.21 0.7 0.94 0.0 0.0 2
0.2125 0.8833333333333333 0.54 1.0 0.0 3
0.63 0.6666666666666666 0.9 1.0 1.0 0
0.825 0.03333333333333333 0.76 1.0 0.0 2
0.2825 0.8333333333333334 0.7 0.0 0.0 2
0.88 0.8833333333333333 0.28 0.0 1.0 0
0.925 0.8166666666666667 0.6 1.0 0.5 0
0.525 0.08333333333333333 0.6 0.0 0.5 0
0.325 0.6833333333333333 0.14 0.0 0.0 2
0.2125 0.6333333333333333 0.5 1.0 0.5 1
0.775 0.3 0.44 1.0 0.0 1
0.0875 0.5666666666666667 0.64 0.0 1.0 3
0.15 0.75 0.04 0.0 0.5 2
0.4025 0.36666666666666664 0.54 1.0 1.0 3
0.14 0.9 0.78 1.0 0.0 3
0.5625 0.3 0.94 1.0 0.0 0
0.4275 0.9833333333333333 0.5 0.0 0.5 2
0.2075 0.4 0.32 1.0 1.0 3
0.7625 0.6 0.1 0.0 0.5 0
0.2875 0.08333333333333333 0.84 1.0 1.0 3
0.3875 0.4166666666666667 0.98 0.0 0.5 1
0.305 0.36666666666666664 0.6 0.0 0.0 2
0.9 0.08333333333333333 0.7 1.0 1.0 0
0.7025 0.3333333333333333 0.66 0.0 0.0 0
0.65 0.18333333333333332 0.34 1.0 0.5 1
0.8075 0.1 0.84 0.0 0.5 0
0.925 0.25 0.0 1.0 0.5 1
0.1125 0.08333333333333333 0.92 1.0 0.0 2
0.03 0.25 0.76 1.0 0.5 1
0.145 0.35 0.42 0.0 1.0 3
0.625 0.16666666666666666 0.98 0.0 0.0 0
0.335 0.26666666666666666 0.16 0.0 1.0 3
0.025 0.5666666666666667 0.16 0.0 0.0 2
0.155 0.38333333333333336 0.32 0.0 0.0 2
0.0875 0.03333333333333333 0.88 1.0 0.5 1
0.2575 0.8 0.16 1.0 1.0 3
0.1275 0.2833333333333333 0.24 1.0 0.5 1
0.44 0.5166666666666667 0.5 1.0 0.0 2
0.04 0.5333333333333333 0.76 0.0 1.0 3
0.36 0.4666666666666667 0.14 0.0 0.5 1
0.165 0.11666666666666667 0.42 0.0 0.5 1
0.2625 0.4166666666666667 0.66 0.0 0.0 2
0.9375 0.21666666666666667 0.9 1.0 1.0 0
0.155 0.23333333333333334 0.22 0.0 1.0 3
0.38 0.016666666666666666 0.06 1.0 1.0 3
0.95 0.31666666666666665 0.8 1.0 1.0 0
0.2375 0.75 0.28 0.0 1.0 0
0.4725 0.6833333333333333 0.04 1.0 0.0 3
0.525 0.11666666666666667 0.56 0.0 1.0 1
0.0875 0.9333333333333333 0.62 0.0 1.0 2
0.15 0.7 0.36 1.0 1.0 0
0.175 0.2 0.52 1.0 0.0 2
0.3675 0.95 0.24 1.0 0.0 3
0.275 0.8666666666666667 0.5 1.0 0.5 3
0.43 0.06666666666666667 0.06 0.0 0.5 1
0.65 0.5833333333333334 0.42 1.0 1.0 2
0.6075 0.85 0.34 0.0 0.0 0
0.1325 0.05 0.84 0.0 0.0 2
0.855 0.18333333333333332 0.04 1.0 1.0 1
0.435 0.6333333333333333 0.96 1.0 1.0 3
0.5875 0.03333333333333333 0.3 0.0 0.0 1
0.6275 0.05 0.14 0.0 0.0 1
0.425 0.75 0.94 1.0 0.5 3
0.375 0.8 0.34 0.0 1.0 2
0.3 0.5333333333333333 0.68 0.0 0.5 1
0.65 0.08333333333333333 0.52 0.0 0.5 2
0.8075 0.16666666666666666 0.02 1.0 1.0 1
0.025 0.7833333333333333 0.54 0.0 0.0 2
0.575 0.38333333333333336 0.84 0.0 0.0 0
0.775 0.4166666666666667 0.52 0.0 0.5 0
0.885 0.23333333333333334 0.22 1.0 0.5 1
0.0975 0.9166666666666666 0.84 0.0 0.5 2
0.1375 0.7833333333333333 0.4 1.0 0.5 3
0.29 0.6333333333333333 0.28 0.0 0.0 2
