0000000000000000
0011111111111100
0011000000001110
0011000000000110
0011000000000110
0011000000000110
0011000000000110
0011000000000110
0011000000000110
0011000000000110
0011000000000110
0011000000001110
0011111111111100
0000000000000000

0000000000000000
0011111111111100
0011000000000110
0011000000000110
0011000000000110
0011000000000110
0011000000000110
0011000000000110
0011000000000110
0011000000000110
0011000000000110
0011000000000110
0011000000011100
0011111111111100
0000000000000000

0000000000000000
0011111111111100
0011000000000110
0011000000000110
0011000000000110
0011000000000110
0011000000000110
0011000000000110
0011000000000110
0011000000000110
0011000000000110
0011000000011100
0011111111111100
0000000000000000
0000000000000000

0000000000000000
0011111111111100
0011000000000110
0011000000000110
0011000000000110
0011000000000110
0011000000000110
0011000000000110
0011000000000110
0011000000000110
0011000000111100
0011111111111100
0000000000000000
0000000000000000
0000000000000000

0000000000000000
0011111111111100
0011000000000110
0011000000000110
0011000000000110
0011000000000110
0011000000000110
0011000000000110
0011000000000110
0011000000111100
0011111111111100
0000000000000000
0000000000000000
0000000000000000
0000000000000000

0000000000000000
0011111111110000
0011000000000110
0011000000000110
0011000000000110
0011000000000110
0011000000000110
0011000000000110
0011000000000110
0011000000000110
0011000000000110
0011000000000110
0011111111111100
0000000000000000

0000000000000000
0011111111001100
0011000000000110
0011000000000110
0011000000000110
0011000000000110
0011000000000110
0011000000000110
0011000000000110
0011000000000110
0011000000000110
0011000000000110
0011111111111100
0000000000000000

0000000000000000
0011111111111100
0011000000000110
0011000000000110
0011000000000110
0011000000000110
0011000000000110
0011000000000110
0011000000000110
0011000000000110
0011000000000110
0011000000001110
0011111111111100
0000000000000000
0000000000000000

0000000000000000
0011111111111100
0011000000001110
0011000000000110
0011000000000110
0011000000000110
0011000000000110
0011000000000110
0011000000000110
0011000000000110
0011000000000110
0011000000000110
0011111111111100
0000000000000000
0000000000000000

0000000000000000
0011111111111100
0011000000000110
0011000000000110
0011000000000110
0011000000000110
0011000000000110
0011000000000110
0011000000000110
0011000000000110
0011000000000110
0011000000000110
0011111111111100
0000000000000000
0000000000000000